57.666666666666664
47.333333333333336
47.0
64.33333333333333
66.0
72.66666666666667
71.66666666666667
75.33333333333333
55.666666666666664
40.666666666666664
68.66666666666667
43.333333333333336
49.0
69.66666666666667
58.0
79.33333333333333
48.0
73.33333333333333
58.0
43.333333333333336
73.0
84.33333333333333
44.333333333333336
58.666666666666664
69.33333333333333
51.333333333333336
74.33333333333333
42.333333333333336
44.333333333333336
64.33333333333333
51.0
76.66666666666667
65.66666666666667
78.0
44.0
52.0
81.0
62.666666666666664
65.33333333333333
48.333333333333336
44.0
75.33333333333333
78.66666666666667
42.666666666666664
55.666666666666664
57.333333333333336
68.66666666666667
61.333333333333336
53.666666666666664
54.333333333333336
57.0
58.0
63.666666666666664
66.66666666666667
61.666666666666664
43.0
47.666666666666664
62.333333333333336
79.33333333333333
32.333333333333336
69.0
75.33333333333333
88.0
53.666666666666664
88.66666666666667
29.333333333333332
65.33333333333333
41.0
43.333333333333336
50.333333333333336
58.333333333333336
53.666666666666664
43.0
73.33333333333333
44.0
49.666666666666664
49.333333333333336
61.333333333333336
65.66666666666667
69.33333333333333
63.0
68.33333333333333
62.333333333333336
75.0
95.66666666666667
77.0
64.0
59.0
43.333333333333336
51.666666666666664
84.66666666666667
66.33333333333333
91.33333333333333
49.666666666666664
61.0
43.333333333333336
55.666666666666664
40.0
69.0
78.66666666666667
62.0
67.0
66.33333333333333
47.0
47.333333333333336
63.333333333333336
88.33333333333333
39.666666666666664
62.0
70.0
67.33333333333333
57.666666666666664
65.66666666666667
96.0
43.333333333333336
32.666666666666664
57.0
71.0
62.333333333333336
70.0
45.666666666666664
46.333333333333336
58.0
60.333333333333336
84.33333333333333
48.666666666666664
52.333333333333336
67.66666666666667
72.33333333333333
56.333333333333336
77.33333333333333
71.66666666666667
66.33333333333333
43.666666666666664
78.33333333333333
61.0
56.666666666666664
77.0
59.0
42.666666666666664
56.666666666666664
53.666666666666664
53.0
57.333333333333336
48.0
76.33333333333333
81.66666666666667
48.0
59.333333333333336
62.666666666666664
63.666666666666664
68.66666666666667
82.0
81.0
70.0
73.0
85.0
53.333333333333336
58.0
61.333333333333336
63.666666666666664
52.333333333333336
86.66666666666667
66.0
79.33333333333333
68.0
42.666666666666664
51.333333333333336
49.666666666666664
46.0
48.333333333333336
62.0
47.666666666666664
78.66666666666667
65.0
55.666666666666664
59.0
46.666666666666664
53.666666666666664
65.33333333333333
72.66666666666667
44.666666666666664
74.33333333333333
66.33333333333333
87.33333333333333
59.54054054054054 64.14054054054054 60.23243243243243